[209.27311707]
[209.47499084]
[204.04348755]
[209.84994507]
[211.12850952]
[209.0809021]
[206.61985779]
[207.97532654]
[204.78372192]
[204.42803955]
[208.07147217]
[215.66603088]
[216.27166748]
[217.21377563]
[220.65538025]
[223.34710693]
[223.89505005]
[229.69194031]
[222.99143982]
[230.38409424]
[230.24951172]
[233.60456848]
[232.65280151]
[232.83547974]
[233.09507751]
[234.3447876]
[233.4315033]
[235.0369873]
[235.51759338]
[234.27749634]
[235.29885864]
[234.90379333]
[232.18655396]
[225.96203613]
[224.76725769]
[226.00061035]
[220.64326477]
[223.90969849]
[228.30348206]
[225.34536743]
[219.26538086]
[218.46565247]
[223.15815735]
[219.10160828]
[225.25869751]
[223.94822693]
[228.48658752]
[227.15686035]
[226.25112915]
[229.04542542]
[228.39984131]
[222.3102417]
[221.95370483]
[227.38812256]
[228.92018127]
[226.87744141]
[223.87115479]
[227.86026001]
[226.66543579]
[223.39901733]
[227.17614746]
[233.51631165]
[239.99136353]
[238.82546997]
[240.79107666]
[244.01896667]
[246.52423096]
[246.58203125]
[249.06797791]
[246.27371216]
[250.04118347]
[251.23594666]
[249.30885315]
[248.84634399]
[251.08178711]
[247.79611206]
[251.63096619]
[252.01651001]
[252.42115784]
[245.28126526]
[243.30593872]
[242.98794556]
[242.67961121]
[238.75798035]
[237.48609924]
[240.62730408]
[243.25778198]
[238.17021179]
[237.25485229]
[230.28839111]
[234.17147827]
[239.1048584]
[236.24316406]
[234.21969604]
[234.79911804]
[238.04412842]
[236.77896118]
[242.19699097]
[243.10479736]
[242.88270569]
[240.77731323]
[241.1346283]
[238.93266296]
[238.83612061]
[237.30052185]
[242.20663452]
[245.12329102]
[243.92572021]
[244.91079712]
[248.43588257]
[249.06365967]
[250.99519348]
[249.51754761]
[248.57107544]
[251.97059631]
[250.5509491]
[253.64138794]
[256.42285156]
[256.19104004]
[257.56246948]
[255.94958496]
[259.5229187]
[262.11123657]
[261.62838745]
[262.30444336]
[268.14736938]
[268.15698242]
[270.34927368]
[267.92526245]
[268.42739868]
[267.82870483]
[271.3633728]
[272.84103394]
[271.41171265]
[271.14129639]
[267.52929688]
[269.76022339]
[271.76898193]
[276.34680176]
[279.75598145]
[279.15713501]
[276.73309326]
[276.42404175]
[276.69448853]
[275.15884399]
[275.07192993]
[277.29321289]
[276.70413208]
[279.61099243]
[279.55310059]
[278.46182251]
[276.63650513]
[277.12915039]
[279.8911438]
[282.82714844]
[284.5171814]
[283.04925537]
[281.31716919]
[287.16165161]
[294.50585938]
[294.78646851]
[292.82220459]
[292.23196411]
[289.40658569]
[290.01617432]
[293.76083374]
[292.10620117]
[292.05786133]
[291.39990234]
[291.39016724]
[290.46127319]
[290.49023438]
[287.62609863]
[286.13598633]
[287.37454224]
[290.08389282]
[294.95101929]
[295.33807373]
[290.1612854]
[284.77160645]
[285.25540161]
[288.9130249]
[289.86129761]
[289.65814209]
[284.64584351]
[274.34066772]
[274.8052063]
[272.79244995]
[279.73999023]
[273.94393921]
[279.41101074]
[283.62014771]
[285.30380249]
[285.30380249]
[284.70388794]
[283.39764404]
[286.71655273]
[292.94802856]
[294.36074829]
[297.34100342]
[298.25064087]
[297.4571228]
[300.69866943]
[299.15048218]
[298.15380859]
[300.06970215]
[312.70697021]
[313.84866333]
[320.88330078]
[318.70623779]
[322.34448242]
[323.18624878]
[325.54727173]
[325.17959595]
[326.07946777]
[325.07315063]
[320.08990479]
[321.66708374]
[325.81829834]
[325.18927002]
[328.5178833]
[328.74087524]
[330.82501221]
[332.60876465]
[329.42910767]
[327.34494019]
[327.56790161]
[319.58978271]
[326.32705688]
[320.47192383]
[319.97756958]
[319.40563965]
[313.12393188]
[316.20651245]
[324.66940308]
[324.71783447]
[322.90512085]
[332.05612183]
[329.01226807]
[318.29074097]
[324.40768433]
[314.95608521]
[313.88970947]
[310.11871338]
[317.2729187]
[323.00201416]
[324.44638062]
[331.96896362]
[330.80569458]
[331.48425293]
[328.9347229]
[326.02651978]
[324.50457764]
[318.94021606]
[306.69680786]
[304.27331543]
[304.42849731]
[304.65142822]
[305.33972168]
[308.52893066]
[295.47122192]
[300.70599365]
[293.38705444]
[294.04620361]
[292.36920166]
[286.96972656]
[287.29925537]
[279.66043091]
[287.62884521]
[290.6630249]
[298.8253479]
[301.46212769]
[299.31011963]
[303.86621094]
[292.02993774]
[296.57629395]
[291.73913574]
[295.23858643]
[301.68505859]
[293.12530518]
[286.01000977]
[285.97116089]
[291.27374268]
[290.93380737]
[282.41461182]
[279.69473267]
[279.49072266]
[272.2538147]
[286.16424561]
[288.80639648]
[290.24407959]
[286.51397705]
[291.60406494]
[287.45620728]
[281.56954956]
[270.93267822]
[267.9602356]
[280.2484436]
[277.42156982]
[272.05957031]
[268.53335571]
[278.93707275]
[285.9699707]
[286.77615356]
[291.83721924]
[290.60354614]
[295.36340332]
[290.92407227]
[295.40222168]
[294.9942627]
[301.81350708]
[306.38876343]
[304.88299561]
[299.49176025]
[300.57003784]
[305.96130371]
[301.98828125]
[290.93380737]
[292.75027466]
[288.47616577]
[277.10110474]
[273.99261475]
[279.39361572]
[271.82641602]
[272.49661255]
[277.1399231]
[278.1696167]
[272.77835083]
[266.19226074]
[272.69094849]
[262.49130249]
[275.1194458]
[281.34606934]
[269.58242798]
[276.3336792]
[273.72061157]
[281.68609619]
[269.41729736]
[266.87225342]
[257.01251221]
[261.79187012]
[253.09777832]
[248.04658508]
[253.65156555]
[254.02067566]
[259.18850708]
[247.38774109]
[246.47250366]
[245.90774536]
[253.78466797]
[252.78178406]
[255.60543823]
[258.89645386]
[266.0430603]
[264.70916748]
[265.24465942]
[267.3477478]
[262.90786743]
[261.6713562]
[265.3225708]
[263.28765869]
[257.81567383]
[246.32644653]
[235.87905884]
[238.05033875]
[245.12882996]
[238.51765442]
[241.12709045]
[247.05670166]
[246.46276855]
[252.04182434]
[260.6489563]
[257.9130249]
[249.72454834]
[253.40499878]
[250.06526184]
[252.74287415]
[255.92677307]
[259.19824219]
[261.33053589]
[260.61004639]
[257.54299927]
[246.98855591]
[246.06356812]
[247.38774109]
[249.95820618]
[247.55325317]
[252.69416809]
[255.36204529]
[257.86428833]
[253.50230408]
[252.0125885]
[245.26515198]
[261.66159058]
[269.12960815]
[273.34555054]
[270.68740845]
[267.58145142]
[275.02996826]
[276.17889404]
[275.45840454]
[272.93658447]
[274.86444092]
[281.54373169]
[279.46017456]
[284.22131348]
[285.74023438]
[285.00024414]
[284.2489624]
[283.12686157]
[279.20443726]
[271.00830078]
[269.73013306]
[269.09591675]
[272.081604]
[261.58282471]
[258.79220581]
[256.58706665]
[255.12345886]
[254.07946777]
[249.84477234]
[247.10298157]
[251.82551575]
[252.24507141]
[258.04086304]
[260.17773438]
[245.87356567]
[246.09799194]
[239.42402649]
[238.79956055]
[238.58486938]
[236.56512451]
[233.15007019]
[235.1308136]
[232.14508057]
[231.68649292]
[230.67173767]
[235.21864319]
[231.73529053]
[227.24694824]
[234.8966217]
[242.83906555]
[243.15127563]
[240.79978943]
[228.55439758]
[223.68551636]
[219.93873596]
[220.27049255]
[228.55439758]
[223.01226807]
[231.76455688]
[232.71096802]
[230.74005127]
[230.41804504]
[236.24311829]
[241.24861145]
[244.57585144]
[225.70529175]
[221.2461853]
[230.14483643]
[226.49562073]
[222.63172913]
[214.75762939]
[209.04962158]
[216.01631165]
[222.33903503]
[223.31472778]
[219.06053162]
[237.08224487]
[241.11201477]
[235.68699646]
[236.09677124]
[236.52728271]
[236.4783783]
[236.02827454]
[236.84040833]
[239.75628662]
[242.25141907]
[242.16334534]
[236.55667114]
[235.15744019]
[249.6486969]
[249.20835876]
[249.53126526]
[244.81498718]
[239.84434509]
[239.11045837]
[242.07527161]
[240.13789368]
[247.07525635]
[251.39038086]
[251.6839447]
[243.65058899]
[239.42359924]
[235.27487183]
[236.59579468]
[239.16918945]
[233.06349182]
[233.59188843]
[231.85995483]
[229.48226929]
[235.82279968]
[234.65843201]
[234.42358398]
[224.16915894]
[217.52526855]
[220.08886719]
[222.23176575]
[223.92454529]
[230.6955719]
[233.37660217]
[234.08111572]
[235.17701721]
[230.73471069]
[226.9382019]
[235.04980469]
[237.35900879]
[236.83062744]
[235.43139648]
[242.66235352]
[242.81890869]
[237.48623657]
[242.47642517]
[247.31013489]
[258.90505981]
[252.78961182]
[251.24360657]
[261.8013916]
[260.98922729]
[257.94613647]
[257.43740845]
[265.48046875]
[266.31216431]
[264.18359375]
[257.15029907]
[253.13829041]
[247.85108948]
[246.71322632]
[249.91104126]
[244.46688843]
[245.38894653]
[244.66307068]
[241.57315063]
[246.32086182]
[250.42111206]
[251.97099304]
[249.30285645]
[248.86141968]
[247.50776672]
[243.84890747]
[249.07727051]
[255.81622314]
[260.37750244]
[270.93237305]
[274.10070801]
[267.03805542]
[268.55844116]
[267.09692383]
[272.36450195]
[275.21899414]
[271.10888672]
[269.98083496]
[275.16009521]
[278.63262939]
[282.80154419]
[281.75195312]
[281.70288086]
[278.91708374]
[286.03860474]
[283.87075806]
[277.43588257]
[278.08322144]
[284.31216431]
[280.68273926]
[283.29205322]
[282.87020874]
[282.94869995]
[280.65328979]
[280.30999756]
[276.39602661]
[270.16720581]
[289.73669434]
[299.01623535]
[301.3999939]
[299.73233032]
[299.58526611]
[298.59448242]
[299.58526611]
[304.72521973]
[302.76339722]
[301.14489746]
[306.35360718]
[304.19561768]
[303.07733154]
[303.55795288]
[305.79449463]
[308.6847229]
[313.12823486]
[312.95129395]
[315.7432251]
[309.92340088]
[308.53723145]
[320.4029541]
[327.25497437]
[325.60345459]
[322.83114624]
[326.95022583]
[329.72250366]
[330.25332642]
[328.03161621]
[317.90600586]
[319.75411987]
[321.25823975]
[326.23254395]
[328.63131714]
[331.62966919]
[342.20748901]
[336.53515625]
[332.3276062]
[327.91360474]
[333.95953369]
[329.34896851]
[323.03762817]
[328.90652466]
[330.16488647]
[329.37841797]
[334.77545166]
[332.26858521]
[332.42599487]
[335.49310303]
[331.51168823]
[326.21282959]
[326.84207153]
[331.49203491]
[336.85958862]
[339.39593506]
[339.87759399]
[353.4046936]
[349.06930542]
[340.99832153]
[337.95077515]
[339.26809692]
[345.03875732]
[332.05236816]
[325.12167358]
[332.64221191]
[330.23364258]
[330.64660645]
[321.95617676]
[321.13049316]
[322.23147583]
[324.52203369]
[320.53076172]
[316.77545166]
[317.46359253]
[315.57608032]
[318.55484009]
[316.41168213]
[315.64331055]
[312.17553711]
[311.78146362]
[317.10134888]
[317.67266846]
[322.14529419]
[315.21969604]
[318.18499756]
[318.89431763]
[323.53433228]
[323.90875244]
[322.89398193]
[323.78063965]
[328.59802246]
[327.93795776]
[325.01208496]
[329.30731201]
[332.92288208]
[326.8444519]
[331.07077026]
[333.67163086]
[325.31747437]
[324.17474365]
[323.77078247]
[316.0078125]
[314.78619385]
[312.30355835]
[312.82574463]
[307.50588989]
[308.14624023]
[308.98370361]
[311.06228638]
[317.02246094]
[308.73733521]
[314.22467041]
[314.61871338]
[322.40145874]
[324.92346191]
[323.51464844]
[327.48483276]
[326.24353027]
[322.86444092]
[327.7015686]
[327.13018799]
[325.20910645]
[326.40118408]
[321.82019043]
[324.43087769]
[325.62286377]
[335.61236572]
[323.02209473]
[324.9135437]
[332.30221558]
[333.09030151]
[340.93218994]
[343.14877319]
[347.56225586]
[351.23687744]
[355.17749023]
[357.80783081]
[355.33511353]
[364.18179321]
[361.23617554]
[364.77285767]
[364.92095947]
[371.33746338]
[365.09866333]
[372.59118652]
[368.27728271]
[372.99584961]
[372.58126831]
[373.74612427]
[377.78356934]
[373.98306274]
[374.04223633]
[369.6987915]
[364.39776611]
[367.73434448]
[364.06213379]
[366.18453979]
[369.4223938]
[366.52999878]
[369.57046509]
[369.56060791]
[361.22903442]
[365.96734619]
[367.86264038]
[368.46487427]
[365.85873413]
[368.74127197]
[369.7678833]
[369.84686279]
[369.26446533]
[370.45889282]
[371.20916748]
