[13.07745457]
[13.36790276]
[12.57982635]
[13.30732059]
[13.24025631]
[13.58405876]
[13.44768524]
[13.49455261]
[13.16396141]
[12.82415199]
[12.98944759]
[13.32901096]
[13.82938099]
[13.67480755]
[13.61571884]
[13.3983202]
[12.88224316]
[13.01512718]
[12.95404339]
[13.20061493]
[13.51948357]
[13.49331093]
[13.62668896]
[13.55363941]
[14.3990593]
[14.22404289]
[14.72366524]
[15.20882893]
[14.92012596]
[15.28811073]
[14.86502743]
[14.78823948]
[14.88546848]
[14.31628799]
[14.10312653]
[14.45914364]
[13.2709198]
[13.67680359]
[13.80370331]
[13.36939907]
[12.76955318]
[12.33624554]
[12.42724514]
[11.56138134]
[12.49014473]
[12.43826675]
[12.96225452]
[12.82508755]
[13.15953255]
[13.2592907]
[13.30916882]
[12.69190693]
[12.8148632]
[13.15454197]
[13.03931999]
[12.61260128]
[12.50510597]
[12.80837727]
[12.91711426]
[12.84080029]
[13.31615067]
[13.77853775]
[13.953866]
[13.82816982]
[14.10949135]
[14.28257465]
[14.36537361]
[15.17243004]
[15.64179707]
[15.24026585]
[16.0984478]
[15.87423801]
[15.32481098]
[15.13477039]
[15.32356548]
[14.81454372]
[15.22854424]
[15.4407835]
[15.34476471]
[15.24001503]
[15.28789997]
[14.97340488]
[14.80107212]
[14.31674099]
[14.42373371]
[14.48807716]
[14.77663422]
[14.23144436]
[14.27185059]
[13.72541714]
[13.63238907]
[14.20875072]
[14.1314373]
[13.98204803]
[14.03192616]
[14.57736111]
[14.95570278]
[15.57446003]
[15.61012363]
[15.66224861]
[15.45075893]
[16.20544052]
[16.22539139]
[16.73790741]
[16.92894363]
[17.53597832]
[17.57663155]
[17.41501999]
[17.32048225]
[17.38708496]
[17.78646278]
[17.97953987]
[17.7497921]
[17.77149773]
[18.61665726]
[18.59819603]
[18.3871479]
[18.84565544]
[19.01578331]
[19.16370773]
[18.98958778]
[19.94151497]
[19.98317719]
[19.95897675]
[20.16801834]
[20.44242096]
[20.65345955]
[20.32741928]
[19.85944176]
[20.00662231]
[20.46786499]
[20.20593834]
[19.79832649]
[18.92498016]
[18.12148285]
[18.73888969]
[18.57150078]
[19.36776161]
[19.55136681]
[19.5154438]
[19.25201797]
[19.16620255]
[19.46056175]
[19.61921883]
[19.45657539]
[19.70702744]
[19.77188301]
[20.22988701]
[20.59209633]
[20.32168388]
[20.25083733]
[19.8926239]
[19.65613747]
[19.86169052]
[20.14407349]
[19.90659142]
[19.41565895]
[18.99856949]
[19.75491905]
[20.77070427]
[21.91021919]
[21.74557686]
[22.16466713]
[22.01997948]
[22.58674622]
[22.63863373]
[22.34023476]
[22.39611816]
[22.35120964]
[22.7973175]
[22.61667633]
[22.29432678]
[22.13264656]
[22.43305016]
[22.10769844]
[22.19752121]
[22.29631805]
[22.19752121]
[21.85620308]
[21.07077408]
[21.20350647]
[21.89711761]
[22.43703842]
[22.03683662]
[21.61668015]
[20.6576004]
[20.47596931]
[20.67457008]
[20.70051956]
[19.69253731]
[20.41009712]
[20.65859985]
[21.03285027]
[20.78933525]
[20.65360832]
[20.62965775]
[20.89712334]
[21.70250702]
[21.81827354]
[22.17755699]
[22.24541855]
[22.05879784]
[22.64661217]
[22.68054962]
[23.11966705]
[24.6675663]
[24.4020977]
[24.89112091]
[25.51586914]
[25.77534866]
[26.34819221]
[26.54480553]
[29.74139786]
[29.69249725]
[30.7423954]
[30.59568596]
[29.40007973]
[30.329216]
[30.329216]
[29.96495056]
[30.14259338]
[29.2024765]
[31.61165047]
[32.91902542]
[31.89208794]
[31.68250847]
[32.60866165]
[31.43999481]
[33.30924988]
[32.61066055]
[31.37597084]
[32.06567383]
[30.63536644]
[29.98059845]
[32.36610031]
[31.76623726]
[30.43274689]
[30.14129639]
[28.10811806]
[28.28378868]
[30.40180397]
[28.33369446]
[27.74879646]
[27.66694832]
[29.02040672]
[29.34479713]
[29.58433914]
[30.88689613]
[30.26506042]
[29.94466209]
[29.5304451]
[29.3557682]
[30.06444168]
[29.23500061]
[27.55216408]
[28.12508583]
[27.19583893]
[27.34854698]
[27.76476288]
[27.94642639]
[26.52510071]
[26.89140701]
[25.85436058]
[25.01992607]
[24.1046524]
[23.33010864]
[23.32811546]
[22.28207779]
[22.72923851]
[21.9027977]
[22.79711342]
[24.4400177]
[24.59173393]
[25.19460106]
[23.9030304]
[24.27333069]
[24.68156433]
[25.06085014]
[26.65485191]
[25.77550888]
[23.90402985]
[24.22142982]
[26.44524956]
[26.46121597]
[24.46098137]
[23.59760475]
[23.34607887]
[22.34495926]
[23.70340538]
[24.1116333]
[24.3392086]
[23.43291473]
[24.17863655]
[23.67350197]
[22.89683533]
[21.3155365]
[21.47725677]
[22.97469711]
[22.61930656]
[22.06225967]
[21.29357338]
[22.93376923]
[24.45416641]
[24.72370529]
[26.40782356]
[26.68834496]
[26.47870255]
[25.59022522]
[28.1019249]
[27.64471245]
[28.17081451]
[28.6070652]
[27.64271545]
[27.23940277]
[26.66638184]
[27.31327629]
[25.88671875]
[24.36531639]
[24.1666584]
[23.07952118]
[21.87957191]
[21.46727753]
[22.16508102]
[21.22169876]
[21.74580193]
[22.16009331]
[21.44531822]
[20.14853287]
[19.48167038]
[19.86801338]
[18.7559166]
[18.38355255]
[19.74821663]
[18.51532555]
[19.49964333]
[19.56852341]
[20.29927254]
[18.81181908]
[18.64311028]
[16.92105484]
[17.56495094]
[16.60159683]
[16.14738083]
[17.67576218]
[17.23451805]
[18.14595604]
[16.9090786]
[17.09475899]
[16.6654911]
[16.86914253]
[16.12641144]
[16.9460125]
[17.82051468]
[18.77887917]
[18.64011192]
[18.28871536]
[19.55854034]
[18.68803215]
[18.75391579]
[18.89368057]
[18.62009048]
[18.02099037]
[16.94859695]
[15.62358284]
[15.81229973]
[16.50226402]
[15.57765198]
[15.8562336]
[16.54120636]
[16.33551216]
[16.20071602]
[17.10036659]
[16.84375381]
[15.95807934]
[15.51873779]
[15.13631248]
[14.50126171]
[14.94160366]
[15.10735607]
[15.83426666]
[15.81429672]
[15.12932301]
[15.05942726]
[15.14130592]
[15.3489933]
[15.73840809]
[16.07689857]
[16.96656799]
[17.78034782]
[18.02298546]
[17.29307747]
[16.9985218]
[16.50825882]
[17.76337624]
[17.95708466]
[18.13581848]
[18.41339874]
[18.49827194]
[18.86472321]
[19.18624306]
[18.96057892]
[17.76636887]
[17.06042671]
[18.06991577]
[17.91514015]
[18.68099594]
[19.00351143]
[18.85074615]
[18.30755615]
[18.74490547]
[17.82228661]
[17.00850487]
[17.15528679]
[17.19622421]
[17.88619232]
[16.23566628]
[15.77735043]
[15.44484997]
[15.07140827]
[13.91614151]
[13.62657547]
[13.4448452]
[13.69754219]
[13.97321129]
[14.36973572]
[14.4875946]
[13.11524296]
[13.11224651]
[12.91348553]
[13.18216228]
[13.36594105]
[13.16018867]
[13.24508762]
[12.54592705]
[12.50098133]
[12.21332645]
[12.39810467]
[12.72071743]
[12.20533562]
[12.12443352]
[12.49698734]
[13.15119934]
[13.19315052]
[13.11424446]
[12.06151009]
[11.65599632]
[11.57209873]
[11.48619938]
[11.94564819]
[11.21352863]
[11.87373543]
[11.95263958]
[12.03653717]
[12.17936897]
[12.45103931]
[12.58388138]
[13.24508762]
[12.88052559]
[13.16018867]
[13.81739807]
[13.48080635]
[13.52674961]
[13.20313835]
[13.40489292]
[14.13901329]
[14.28383827]
[14.58447838]
[13.75946999]
[15.73110104]
[16.30741119]
[16.27544594]
[16.64599991]
[15.89090729]
[15.65818691]
[15.39050961]
[15.29862022]
[16.01876068]
[16.49917603]
[16.25047302]
[15.80800629]
[15.62023163]
[16.90701866]
[17.11881638]
[16.86005974]
[16.59431458]
[15.97190094]
[16.10477638]
[17.15278816]
[16.98494339]
[17.51843834]
[18.05492973]
[17.65731239]
[16.93598747]
[16.55534554]
[16.23865128]
[16.06980896]
[16.48541641]
[15.32451344]
[15.19163895]
[14.10766411]
[14.02274418]
[14.5892067]
[14.60019684]
[14.30148029]
[14.73507118]
[14.25152683]
[14.84496689]
[15.6132412]
[15.89397621]
[15.98588657]
[16.4954052]
[16.88304329]
[17.68528175]
[17.36058998]
[16.74916649]
[17.822155]
[19.17487335]
[19.24680328]
[19.30475044]
[19.78329849]
[20.34576607]
[19.14390182]
[19.51855087]
[20.92322159]
[21.68849945]
[21.08007431]
[21.06908417]
[22.15205765]
[22.18402672]
[22.31590462]
[21.24491692]
[21.76741982]
[22.94930267]
[22.74250221]
[21.98121834]
[21.36779976]
[20.63549042]
[20.7344017]
[23.64165115]
[23.26400757]
[23.47880554]
[23.19407082]
[22.67655945]
[23.29198265]
[23.86743736]
[23.53175545]
[23.26995659]
[24.16226578]
[23.41784477]
[22.9472065]
[22.94820404]
[24.0443573]
[24.20922852]
[25.52120972]
[25.70506859]
[25.8799305]
[26.17870331]
[26.44749641]
[27.16993332]
[26.758255]
[26.51044464]
[26.38953781]
[26.96309662]
[27.36178398]
[27.75547981]
[27.94333076]
[27.43172836]
[26.86017418]
[27.01605034]
[27.55763245]
[27.14795303]
[26.47447586]
[26.44249535]
[26.73726654]
[26.98108292]
[27.64556694]
[27.90935898]
[27.08300209]
[27.09798813]
[27.02104759]
[26.22067261]
[26.93511581]
[27.20490646]
[27.72750282]
[28.88760376]
[28.18814278]
[27.78045845]
[27.54064751]
[28.6577816]
[29.12841415]
[28.54886436]
[28.86262512]
[28.55585861]
[28.31804276]
[28.9305687]
[29.19036865]
[30.15461922]
[31.65345573]
[31.23977852]
[31.15184593]
[30.66422272]
[30.51434326]
[37.95057678]
[38.9158287]
[40.07992172]
[37.80468369]
[39.73918915]
[39.29653549]
[39.14064407]
[38.62405396]
[37.44983292]
[38.4841423]
[38.74397278]
[39.45549393]
[40.99446106]
[42.96813583]
[42.62436676]
[42.66333389]
[43.77858734]
[43.01610184]
[42.99611664]
[42.18066406]
[40.60472107]
[41.84788895]
[41.08940125]
[40.79459]
[42.27360153]
[42.38452148]
[42.28859329]
[42.07473755]
[42.4744606]
[42.15167999]
[42.37652588]
[43.87252045]
[45.94613647]
[45.43847275]
[46.42981339]
[47.46211624]
[47.0453949]
[45.4894371]
[44.27924728]
[44.58205032]
[45.64833069]
[45.4214859]
[45.8691864]
[46.71861649]
[46.69763184]
[46.47577667]
[44.23927689]
[44.48511124]
[44.65000153]
[45.38650894]
[44.63401794]
[42.52542877]
[42.35954666]
[40.82757568]
[43.72362518]
[43.91049194]
[43.45680618]
[43.31490326]
[43.26993179]
[46.93546677]
[45.63734436]
[47.08437347]
[47.13133621]
[45.98711014]
[46.80355453]
[48.75125122]
[49.2309227]
[49.3218689]
[48.4764328]
[48.51540756]
[47.03327942]
[46.21376419]
[45.5451622]
[45.15139008]
[44.84356689]
[45.45820999]
[45.55415344]
[43.87413788]
[43.94010544]
[43.49436569]
[42.21411896]
[40.99284363]
[41.58548355]
[42.19713211]
[41.88631439]
[42.44298172]
[43.06361771]
[43.47337723]
[44.75561905]
[43.49136353]
[44.01506042]
[44.66167831]
[45.73503876]
[45.24632645]
[45.77102661]
[46.77842712]
[46.91734695]
[45.43421936]
[46.06784821]
[43.91211319]
[42.17114639]
[42.07620239]
[41.36261749]
[42.94968796]
[43.6372757]
[41.75439072]
[40.30224609]
[40.47614288]
[41.13675308]
[40.75597382]
[42.30007553]
[43.48037338]
[44.97848892]
[45.72405243]
[45.92793655]
[46.54656601]
[46.92234802]
[48.30653]
[48.59135818]
[49.62674332]
[48.85920334]
[49.45085526]
[49.26896667]
[50.37930298]
[49.9145813]
[48.68729782]
[47.74786377]
[48.2135849]
[47.79283142]
[48.11164474]
[46.74245071]
[46.73744965]
[45.48318863]
[46.54266357]
[45.48019028]
[46.57264709]
[47.48218918]
[46.60363007]
[47.63311768]
[48.06389999]
[48.32576752]
[48.8655014]
[50.05190277]
[49.57913971]
[48.08688736]
[48.96544647]
[48.80552673]
[49.25429916]
[49.39223099]
[49.49718475]
[49.49718475]
