[49.59000015]
[50.31000137]
[49.81999969]
[52.43999863]
[52.72999954]
[54.38000107]
[56.45000076]
[53.43000031]
[49.02999878]
[50.31000137]
[50.38999939]
[52.20000076]
[54.40000153]
[53.56999969]
[53.65000153]
[53.29000092]
[48.95000076]
[53.13000107]
[52.93999863]
[56.84999847]
[58.86999893]
[59.25999832]
[58.31000137]
[63.63999939]
[63.77999878]
[62.79999924]
[62.59999847]
[62.22999954]
[61.97000122]
[62.81000137]
[62.72000122]
[62.86999893]
[65.51999664]
[63.40999985]
[70.44999695]
[69.47000122]
[63.25999832]
[65.66000366]
[66.66999817]
[64.51000214]
[60.02000046]
[57.70999908]
[57.43000031]
[52.88999939]
[56.29999924]
[55.06999969]
[59.61999893]
[62.68999863]
[63.74000168]
[62.22999954]
[63.95000076]
[58.49000168]
[58.36000061]
[58.15999985]
[55.25999832]
[50.50999832]
[51.40999985]
[51.59999847]
[49.56999969]
[49.61000061]
[52.29000092]
[54.49000168]
[54.11000061]
[56.88000107]
[60.22999954]
[63.20000076]
[63.27000046]
[62.43999863]
[62.43999863]
[62.00999832]
[63.88999939]
[61.25]
[60.43999863]
[58.49000168]
[58.29999924]
[57.04999924]
[61.29999924]
[60.02000046]
[60.50999832]
[62.04000092]
[62.27999878]
[61.81999969]
[59.16999817]
[55.77999878]
[54.06999969]
[52.59000015]
[54.70000076]
[52.13999939]
[53.29000092]
[51.56000137]
[50.95999908]
[52.99000168]
[53.90999985]
[53.36000061]
[53.90999985]
[57.06999969]
[56.61000061]
[60.11999893]
[59.15000153]
[60.59000015]
[61.06999969]
[62.11999893]
[63.68999863]
[62.79000092]
[60.59999847]
[61.]
[61.36999893]
[60.15000153]
[61.77000046]
[62.63000107]
[64.08999634]
[63.56999969]
[62.27999878]
[60.20000076]
[62.29000092]
[63.16999817]
[63.59999847]
[62.93000031]
[66.34999847]
[67.65000153]
[67.66999817]
[66.22000122]
[67.56999969]
[68.13999939]
[67.66000366]
[68.48999786]
[69.05999756]
[65.12999725]
[61.95999908]
[65.80999756]
[64.79000092]
[63.95000076]
[62.47000122]
[60.5]
[59.31000137]
[59.58000183]
[62.33000183]
[63.38999939]
[62.97000122]
[77.97000122]
[76.31999969]
[73.97000122]
[76.16000366]
[74.91999817]
[74.41999817]
[73.5]
[73.37999725]
[76.90000153]
[77.31999969]
[75.98000336]
[78.15000153]
[75.80000305]
[76.52999878]
[75.26000214]
[74.62000275]
[72.44000244]
[71.80999756]
[71.95999908]
[70.86000061]
[72.72000122]
[75.5]
[74.62999725]
[74.69000244]
[71.61000061]
[73.12000275]
[74.51000214]
[76.11000061]
[74.16999817]
[73.91999817]
[75.08000183]
[76.48999786]
[74.12999725]
[74.62000275]
[74.5]
[71.26000214]
[71.30999756]
[73.62000275]
[72.48000336]
[74.76000214]
[71.73000336]
[76.08999634]
[78.59999847]
[79.37000275]
[83.11000061]
[80.08000183]
[74.41999817]
[71.76000214]
[73.87000275]
[75.25]
[71.23000336]
[73.41000366]
[73.12999725]
[76.27999878]
[75.]
[73.52999878]
[75.26000214]
[74.94999695]
[76.63999939]
[77.33999634]
[75.80000305]
[76.43000031]
[75.65000153]
[75.11000061]
[55.13999939]
[54.5]
[55.38999939]
[52.02000046]
[54.38999939]
[52.58000183]
[53.97999954]
[52.20000076]
[52.93999863]
[52.25999832]
[53.16999817]
[54.90000153]
[54.81999969]
[52.88000107]
[53.29000092]
[53.70000076]
[55.52999878]
[55.11000061]
[54.56000137]
[53.47000122]
[51.31999969]
[49.25999832]
[50.66999817]
[49.65999985]
[49.75999832]
[48.84999847]
[47.61000061]
[47.25999832]
[47.90999985]
[46.79000092]
[47.91999817]
[50.40000153]
[53.41999817]
[52.36000061]
[50.81999969]
[48.13999939]
[46.84999847]
[46.40999985]
[44.70000076]
[45.29000092]
[44.41999817]
[46.09999847]
[46.77000046]
[48.68000031]
[48.63999939]
[47.70999908]
[47.06000137]
[48.02999878]
[47.02999878]
[46.59000015]
[44.02999878]
[41.33000183]
[41.68000031]
[41.36000061]
[41.70999908]
[43.31000137]
[42.72999954]
[38.38000107]
[38.04000092]
[35.70000076]
[35.04999924]
[34.99000168]
[32.11999893]
[31.79999924]
[30.65999985]
[28.62999916]
[28.29999924]
[30.42000008]
[32.54000092]
[33.65999985]
[32.06999969]
[24.5]
[38.90999985]
[37.88000107]
[37.56000137]
[40.27999878]
[40.61999893]
[39.49000168]
[39.61999893]
[41.43000031]
[40.00999832]
[39.45000076]
[38.00999832]
[36.86999893]
[36.97999954]
[38.83000183]
[39.15000153]
[39.93999863]
[37.84000015]
[37.36999893]
[35.65999985]
[33.09000015]
[30.21999931]
[31.21999931]
[33.68000031]
[31.73999977]
[30.04999924]
[28.]
[29.57999992]
[32.56000137]
[33.97000122]
[36.]
[35.16999817]
[36.24000168]
[35.88000107]
[37.04999924]
[35.40000153]
[36.22999954]
[37.86999893]
[36.84000015]
[35.99000168]
[37.38999939]
[39.34000015]
[38.25]
[36.47000122]
[36.25]
[35.66999817]
[34.40000153]
[33.56999969]
[34.68000031]
[33.18999863]
[32.63999939]
[33.63000107]
[30.76000023]
[29.42000008]
[29.76000023]
[29.90999985]
[28.69000053]
[27.09000015]
[28.80999947]
[28.45999908]
[29.52000046]
[28.93000031]
[30.15999985]
[27.27000046]
[24.92000008]
[23.38999939]
[22.88999939]
[21.84000015]
[22.77000046]
[24.75]
[23.42000008]
[24.54000092]
[22.72999954]
[23.20000076]
[23.26000023]
[22.46999931]
[12.78999996]
[14.15999985]
[14.81000042]
[15.57999992]
[14.10999966]
[13.93000031]
[14.89999962]
[14.48999977]
[15.14999962]
[15.27999973]
[15.17000008]
[14.10000038]
[13.27999973]
[12.02000046]
[11.90999985]
[13.19999981]
[12.22000027]
[12.42000008]
[12.85000038]
[13.07999992]
[13.93999958]
[14.69999981]
[14.56000042]
[13.72999954]
[13.96000004]
[13.13000011]
[13.17000008]
[14.38000011]
[14.27999973]
[15.10000038]
[14.96000004]
[14.06000042]
[14.03999996]
[13.82999992]
[13.17000008]
[13.64999962]
[13.92000008]
[14.14999962]
[15.51000023]
[16.35000038]
[9.96000004]
[9.94999981]
[9.63000011]
[9.55000019]
[9.67000008]
[9.88000011]
[9.53999996]
[9.86999989]
[10.31999969]
[10.25]
[10.18000031]
[10.40999985]
[10.15999985]
[10.56999969]
[11.10999966]
[11.61999989]
[12.23999977]
[12.60999966]
[12.09000015]
[12.56000042]
[11.56000042]
[11.01000023]
[10.60000038]
[10.85999966]
[11.21000004]
[10.67000008]
[10.27000046]
[10.01000023]
[10.88000011]
[11.64000034]
[11.22000027]
[10.77000046]
[11.46000004]
[12.52999973]
[12.64999962]
[12.64999962]
[11.77000046]
[11.52000046]
[11.89999962]
[11.30000019]
[11.35000038]
[11.11999989]
[10.85000038]
[10.46000004]
[10.31999969]
[10.18000031]
[10.44999981]
[10.76000023]
[10.18999958]
[9.81999969]
[9.97999954]
[10.81999969]
[11.19999981]
[11.35000038]
[10.65999985]
[10.40999985]
[10.31000042]
[10.51000023]
[10.57999992]
[9.98999977]
[10.59000015]
[10.60000038]
[10.85999966]
[10.78999996]
[7.76000023]
[8.31000042]
[9.60000038]
[9.57999992]
[9.56000042]
[10.07999992]
[9.90999985]
[10.25]
[9.53999996]
[9.15999985]
[9.14000034]
[10.01000023]
[10.27999973]
[9.56000042]
[10.72999954]
[11.57999992]
[11.28999996]
[11.77999973]
[11.06999969]
[10.92000008]
[10.52000046]
[9.96000004]
[9.90999985]
[10.31999969]
[10.18000031]
[9.84000015]
[9.81999969]
[10.31000042]
[10.86999989]
[10.5]
[10.10000038]
[9.42000008]
[9.30000019]
[9.39999962]
[9.44999981]
[9.46000004]
[9.40999985]
[9.53999996]
[8.76000023]
[8.47000027]
[8.18999958]
[8.21000004]
[8.64000034]
[8.68000031]
[8.57999992]
[8.56000042]
[8.55000019]
[8.81000042]
[8.94999981]
[8.85000038]
[9.30000019]
[9.14000034]
[9.22000027]
[9.19999981]
[9.42000008]
[9.65999985]
[9.64000034]
[9.80000019]
[9.67000008]
[9.40999985]
[9.61999989]
[9.98999977]
[10.19999981]
[10.26000023]
[9.67000008]
[10.18999958]
[10.90999985]
[11.09000015]
[11.56000042]
[10.36999989]
[11.39999962]
[11.]
[12.06999969]
[12.21000004]
[11.56000042]
[10.97999954]
[10.64999962]
[10.71000004]
[10.85000038]
[11.26000023]
[10.72999954]
[10.35999966]
[9.81000042]
[9.89999962]
[10.10000038]
[9.81000042]
[9.88000011]
[10.14999962]
[10.14000034]
[10.10000038]
[10.64999962]
[11.65999985]
[11.72000027]
[11.05000019]
[10.65999985]
[10.34000015]
[10.22999954]
[10.36999989]
[10.34000015]
[11.09000015]
[10.69999981]
[10.65999985]
[11.38000011]
[11.05000019]
[11.39000034]
[11.56000042]
[11.73999977]
[11.06000042]
[10.77999973]
[10.90999985]
[11.21000004]
[11.23999977]
[11.]
[10.39000034]
[10.56000042]
[10.35999966]
[10.56000042]
[10.61999989]
[10.73999977]
[10.68999958]
[10.88000011]
[11.03999996]
[10.97999954]
[10.14000034]
[10.01000023]
[10.22000027]
[10.15999985]
[9.88000011]
[10.5]
[8.71000004]
[8.72999954]
[8.31000042]
[8.06999969]
[7.90999985]
[8.22999954]
[8.42000008]
[8.27000046]
[8.69999981]
[8.75]
[8.55000019]
[8.69999981]
[8.60999966]
[9.36999989]
[9.68999958]
[9.72000027]
[9.76000023]
[9.80000019]
[9.80000019]
[9.77999973]
[10.27999973]
[10.22000027]
[10.19999981]
[10.32999992]
[10.40999985]
[10.51000023]
[10.51000023]
[10.18999958]
[10.03999996]
[10.09000015]
[10.22999954]
[10.31999969]
[10.25]
[10.65999985]
[10.68000031]
[10.57999992]
[10.22999954]
[10.64000034]
[10.81999969]
[11.21000004]
[11.47999954]
[11.64999962]
[11.68000031]
[11.84000015]
[12.02000046]
[12.11999989]
[11.90999985]
[11.68000031]
[11.77999973]
[12.73999977]
[13.36999989]
[13.51000023]
[13.14999962]
[13.47000027]
[13.36999989]
[13.10999966]
[12.93000031]
[12.73999977]
[12.68000031]
[12.51000023]
[10.72999954]
[10.32999992]
[10.68000031]
[11.35999966]
[11.27999973]
[10.97000027]
[10.78999996]
[10.75]
[10.56999969]
[10.53999996]
[10.43999958]
[10.22000027]
[10.02999973]
[9.93999958]
[9.56000042]
[9.15999985]
[9.03999996]
[9.18000031]
[9.35999966]
[9.25]
[9.23999977]
[9.36999989]
[9.25]
[9.44999981]
[9.89000034]
[10.11999989]
[10.35000038]
[10.43999958]
[10.46000004]
[9.63000011]
[9.72000027]
[9.39000034]
[9.43999958]
[9.57999992]
[9.28999996]
[9.15999985]
[9.15999985]
[8.89000034]
[9.]
[9.02999973]
[8.63000011]
[8.68999958]
[8.60000038]
[8.34000015]
[8.48999977]
[8.56000042]
[8.90999985]
[8.73999977]
[8.53999996]
[8.68999958]
[8.73999977]
[8.63000011]
[8.60999966]
[8.81999969]
[9.10999966]
[9.10999966]
[8.68000031]
[9.72000027]
[9.68999958]
[9.60000038]
[9.64999962]
[9.43999958]
[9.48999977]
[9.71000004]
[9.18999958]
[9.30000019]
[9.30000019]
[9.69999981]
[10.01000023]
[9.98999977]
[10.43000031]
[10.72000027]
[10.72999954]
[10.96000004]
[11.22999954]
[11.23999977]
[11.31999969]
[11.30000019]
[12.14999962]
[12.19999981]
[12.06999969]
[11.89000034]
[12.14999962]
[12.06000042]
[12.31000042]
[12.52000046]
[12.68000031]
[12.84000015]
[12.97999954]
[13.82999992]
[14.14000034]
[14.30000019]
[14.60000038]
[14.77000046]
[14.76000023]
[15.09000015]
[15.75]
[15.85000038]
[16.45000076]
[16.94000053]
[16.92000008]
[17.02000046]
[17.18000031]
[16.60000038]
[17.22999954]
[17.04999924]
[16.78000069]
[16.95000076]
[17.04999924]
[16.93000031]
