[243.25666809]
[245.03666687]
[251.99333191]
[272.01333618]
[293.33999634]
[270.39666748]
[283.14666748]
[284.80334473]
[281.66665649]
[275.38665771]
[281.5166626]
[283.4833374]
[281.66333008]
[282.21331787]
[293.6000061]
[294.36334229]
[288.05334473]
[278.47665405]
[264.51000977]
[279.93667603]
[290.92999268]
[284.89666748]
[283.32998657]
[284.07666016]
[287.80667114]
[283.15332031]
[268.27334595]
[270.55334473]
[272.04000854]
[265.40667725]
[266.04998779]
[262.45999146]
[260.43331909]
[238.16667175]
[232.94667053]
[247.33999634]
[227.40666199]
[225.16667175]
[239.47666931]
[228.81333923]
[217.7333374]
[207.14666748]
[199.31666565]
[187.66667175]
[224.52667236]
[222.68666077]
[233.19999695]
[231.24333191]
[235.97999573]
[225.62666321]
[233.93666077]
[217.72000122]
[218.28999329]
[223.33332825]
[220.72000122]
[210.08999634]
[213.46333313]
[206.23666382]
[203.76333618]
[211.87333679]
[222.64332581]
[220.58332825]
[230.3500061]
[230.53999329]
[223.65666199]
[227.93333435]
[225.67333984]
[233.99333191]
[254.10667419]
[244.07666016]
[246.28334045]
[246.59333801]
[238.21000671]
[239.66333008]
[248.03999329]
[239.89666748]
[243.1333313]
[246.06666565]
[234.91333008]
[231.46665955]
[225.66667175]
[236.47999573]
[228.30000305]
[224.53334045]
[223.64666748]
[221.17999268]
[224.12333679]
[209.67999268]
[205.7333374]
[196.63000488]
[190.56333923]
[196.58000183]
[192.27667236]
[192.62333679]
[187.82000732]
[195.59333801]
[193.62666321]
[202.14666748]
[201.56333923]
[206.37666321]
[210.28334045]
[208.40666199]
[207.96665955]
[201.70666504]
[190.94667053]
[199.68333435]
[201.71000671]
[201.19667053]
[199.59333801]
[203.37333679]
[203.29666138]
[205.89666748]
[199.78666687]
[201.62333679]
[205.53334045]
[207.77000427]
[206.94332886]
[207.90333557]
[218.85667419]
[226.60667419]
[223.95666504]
[229.57333374]
[226.91999817]
[226.56666565]
[225.97332764]
[226.30000305]
[219.86000061]
[214.8833313]
[217.60333252]
[218.9833374]
[228.56666565]
[222.84666443]
[217.79333496]
[216.8666687]
[214.74000549]
[215.40666199]
[220.16667175]
[218.42999268]
[216.41999817]
[214.46000671]
[219.20666504]
[214.92666626]
[215.66000366]
[225.78334045]
[229.06666565]
[236.55667114]
[236.58000183]
[236.97332764]
[238.21000671]
[233.03334045]
[237.91999817]
[236.66333008]
[235.94000244]
[240.75]
[239.05667114]
[228.72332764]
[221.90333557]
[229.66333008]
[224.49000549]
[226.75332642]
[235.43333435]
[236.16333008]
[237.06666565]
[233.72000122]
[237.30667114]
[243.63667297]
[245.24000549]
[244.69667053]
[244.13000488]
[244.52333069]
[250.97332764]
[251.28999329]
[251.61999512]
[245.42333984]
[247.66667175]
[248.16333008]
[251.94332886]
[252.33000183]
[253.16333008]
[243.38999939]
[246.46000671]
[250.64666748]
[251.21333313]
[258.13000488]
[263.78668213]
[259.18667603]
[260.43667603]
[258.49334717]
[258.40667725]
[260.51000977]
[260.19665527]
[260.91665649]
[264.53668213]
[261.82998657]
[263.98001099]
[268.57333374]
[270.35998535]
[272.77334595]
[281.01000977]
[290.03668213]
[288.08999634]
[288.6000061]
[298.]
[303.22665405]
[341.61999512]
[339.47665405]
[345.95333862]
[359.01333618]
[371.33334351]
[402.86334229]
[390.66665649]
[404.61999512]
[409.97000122]
[407.36334229]
[387.64666748]
[341.16665649]
[355.9833374]
[354.50332642]
[344.47332764]
[337.79666138]
[351.57666016]
[363.00332642]
[365.45999146]
[379.01998901]
[385.62332153]
[369.67666626]
[372.]
[360.64001465]
[378.99667358]
[381.58666992]
[365.]
[361.5333252]
[338.32333374]
[336.33666992]
[350.58334351]
[356.32000732]
[334.6000061]
[339.01000977]
[322.13665771]
[319.50332642]
[325.32998657]
[308.97332764]
[310.85665894]
[299.98001099]
[312.84332275]
[336.29000854]
[355.66665649]
[364.64666748]
[362.82333374]
[362.06332397]
[356.77999878]
[352.26000977]
[399.92666626]
[383.19665527]
[362.70666504]
[354.8999939]
[342.32000732]
[352.70666504]
[354.79998779]
[368.73999023]
[343.85333252]
[349.86999512]
[343.50332642]
[331.8833313]
[332.08999634]
[314.6333313]
[310.]
[306.1333313]
[312.47000122]
[276.3666687]
[282.1166687]
[312.23999023]
[310.41665649]
[301.88665771]
[297.04666138]
[307.77334595]
[302.44665527]
[307.33334351]
[310.66665649]
[301.5166626]
[286.66665649]
[291.92001343]
[307.47665405]
[307.79666138]
[292.1166687]
[285.66000366]
[273.84332275]
[254.67999268]
[266.92333984]
[269.95666504]
[290.14334106]
[288.12332153]
[293.29666138]
[279.76333618]
[279.42999268]
[268.19332886]
[274.79998779]
[286.32333374]
[279.43331909]
[265.1166687]
[255.45666504]
[267.29666138]
[280.07666016]
[290.5333252]
[301.79666138]
[307.05334473]
[331.32666016]
[333.03668213]
[337.97332764]
[336.88000488]
[363.94665527]
[366.52334595]
[364.66333008]
[359.20001221]
[361.52999878]
[381.81668091]
[363.75332642]
[348.58666992]
[352.42001343]
[341.82998657]
[325.30999756]
[328.9833374]
[340.79000854]
[328.33334351]
[334.76333618]
[342.7166748]
[325.7333374]
[336.26000977]
[335.0166626]
[332.67333984]
[292.14001465]
[293.83666992]
[292.50332642]
[290.25332642]
[300.98001099]
[303.08334351]
[317.54000854]
[291.09332275]
[288.54998779]
[262.36999512]
[266.67999268]
[244.66667175]
[242.66667175]
[256.52999878]
[241.45666504]
[253.86999512]
[236.60333252]
[236.47332764]
[221.30000305]
[224.96665955]
[209.38667297]
[219.6000061]
[235.91000366]
[253.21000671]
[252.75332642]
[246.78999329]
[258.33334351]
[234.5166626]
[238.27999878]
[238.88667297]
[241.8666687]
[239.70666504]
[232.22999573]
[215.73666382]
[220.88999939]
[233.]
[213.1000061]
[216.75999451]
[237.03666687]
[236.08666992]
[235.07000732]
[245.70666504]
[244.91999817]
[232.66333008]
[228.49000549]
[224.47332764]
[227.26333618]
[233.06666565]
[231.7333374]
[244.54333496]
[250.76333618]
[234.34333801]
[233.07000732]
[237.03999329]
[238.31333923]
[240.06666565]
[240.54666138]
[245.52999878]
[247.5]
[271.70666504]
[272.24334717]
[268.43331909]
[258.85998535]
[274.82000732]
[280.8999939]
[297.1499939]
[297.27667236]
[300.58666992]
[307.39666748]
[308.6333313]
[288.17001343]
[290.42333984]
[283.33334351]
[294.35665894]
[286.63000488]
[300.02999878]
[309.32000732]
[306.56332397]
[303.99667358]
[302.86999512]
[296.66665649]
[289.91333008]
[296.45333862]
[297.09667969]
[296.07000732]
[288.08999634]
[284.82000732]
[277.70001221]
[275.60998535]
[277.16000366]
[270.20999146]
[274.42001343]
[283.70001221]
[289.26000977]
[299.67999268]
[304.42001343]
[292.13000488]
[302.60998535]
[303.75]
[303.3500061]
[309.07000732]
[308.73001099]
[300.79998779]
[288.58999634]
[275.32998657]
[276.01000977]
[282.94000244]
[287.80999756]
[268.20999146]
[265.25]
[242.3999939]
[249.44000244]
[240.80999756]
[238.13000488]
[223.07000732]
[222.96000671]
[216.5]
[217.24000549]
[221.72000122]
[204.99000549]
[219.3500061]
[220.19000244]
[222.03999329]
[207.27999878]
[214.44000244]
[211.25]
[222.41999817]
[224.63999939]
[225.08999634]
[228.52000427]
[227.53999329]
[227.82000732]
[214.97999573]
[215.30999756]
[207.47000122]
[197.08000183]
[191.30000305]
[177.58999634]
[190.72000122]
[195.97000122]
[190.94999695]
[194.41999817]
[186.91999817]
[183.16999817]
[180.19000244]
[167.86999512]
[169.91000366]
[183.19999695]
[182.86000061]
[182.91999817]
[180.83000183]
[194.69999695]
[194.69999695]
[194.86000061]
[182.44999695]
[179.82000732]
[174.03999329]
[173.44000244]
[179.05000305]
[167.82000732]
[160.94999695]
[156.80000305]
[157.66999817]
[150.22999573]
[149.86999512]
[137.80000305]
[137.57000732]
[125.34999847]
[123.15000153]
[109.09999847]
[112.70999908]
[121.81999969]
[123.18000031]
[108.09999847]
[113.63999939]
[110.33999634]
[113.05999756]
[119.76999664]
[118.84999847]
[123.22000122]
[123.55999756]
[122.40000153]
[131.49000549]
[128.77999878]
[127.16999817]
[133.41999817]
[143.75]
[143.88999939]
[144.42999268]
[160.27000427]
[177.8999939]
[166.66000366]
[173.22000122]
[181.41000366]
[188.27000427]
[189.97999573]
[194.75999451]
[196.80999756]
[201.28999329]
[207.32000732]
[196.88999939]
[194.63999939]
[209.25]
[214.24000549]
[202.03999329]
[208.30999756]
[197.36999512]
[200.86000061]
[202.07000732]
[196.88000488]
[207.63000488]
[205.71000671]
[202.77000427]
[190.8999939]
[197.78999329]
[193.80999756]
[187.71000671]
[182.]
[172.91999817]
[173.44000244]
[174.47999573]
[183.25999451]
[180.44999695]
[184.13000488]
[180.13000488]
[183.25]
[197.58000183]
[191.1499939]
[192.22000122]
[190.41000366]
[191.80999756]
[189.19000244]
[193.88000488]
[195.27999878]
[207.46000671]
[194.77000427]
[192.58000183]
[185.52000427]
[185.05999756]
[184.50999451]
[186.78999329]
[180.53999329]
[185.8999939]
[185.]
[187.03999329]
[184.30999756]
[180.58999634]
[162.99000549]
[165.08000183]
[162.55000305]
[160.66999817]
[153.75]
[160.19000244]
[164.30999756]
[161.83000183]
[160.30999756]
[160.61000061]
[161.19999695]
[170.05999756]
[171.78999329]
[169.1499939]
[168.53999329]
[172.08000183]
[167.97999573]
[166.3500061]
[166.52000427]
[173.86000061]
[176.88999939]
[180.13999939]
[188.86999512]
[185.77000427]
[182.8999939]
[184.47000122]
[193.16999817]
[201.16000366]
[203.92999268]
[207.52000427]
[213.97000122]
[217.61000061]
[221.30999756]
[224.57000732]
[234.86000061]
[244.3999939]
[249.83000183]
[258.70999146]
[256.79000854]
[255.8999939]
[260.54000854]
[274.45001221]
[259.45999146]
[264.60998535]
[256.6000061]
[241.05000305]
[250.21000671]
[256.23999023]
[257.5]
[261.76998901]
[279.82000732]
[282.48001099]
[276.54000854]
[274.42999268]
[269.60998535]
[269.79000854]
[271.98999023]
[277.8999939]
[281.38000488]
[290.38000488]
[293.33999634]
[291.26000977]
[262.8999939]
[260.01998901]
[269.05999756]
[265.27999878]
[264.3500061]
[255.71000671]
[266.44000244]
[267.42999268]
[261.07000732]
[254.11000061]
[259.32000732]
[253.86000061]
[251.44999695]
[249.69999695]
[242.19000244]
[245.33999634]
[242.6499939]
[239.75999451]
[232.96000671]
[225.6000061]
[219.22000122]
[215.49000549]
[231.27999878]
[233.19000244]
[236.86000061]
[230.03999329]
[238.58999634]
[238.82000732]
[257.17999268]
[256.8999939]
[258.07998657]
[245.00999451]
[256.48999023]
[251.91999817]
[251.49000549]
[248.5]
[273.57998657]
[267.48001099]
[271.29998779]
[276.04000854]
[274.39001465]
[265.27999878]
[266.5]
[262.58999634]
[255.69999695]
[244.88000488]
[246.99000549]
[244.11999512]
[240.5]
[246.38000488]
[250.22000122]
[251.6000061]
[246.52999878]
[261.16000366]
[260.04998779]
[260.52999878]
[259.67001343]
[263.61999512]
[262.98999023]
[258.86999512]
[251.11999512]
[253.91999817]
[254.8500061]
[242.67999268]
[220.11000061]
[211.99000549]
[212.08000183]
[216.52000427]
[212.41999817]
[205.75999451]
[207.30000305]
[197.36000061]
[200.83999634]
[205.66000366]
[218.50999451]
[219.96000671]
[219.27000427]
[222.17999268]
[222.11000061]
[209.97999573]
[214.6499939]
[223.71000671]
[237.41000366]
[242.83999634]
[233.58999634]
[234.30000305]
[235.6000061]
[241.19999695]
[234.21000671]
[235.44999695]
[236.08000183]
[246.72000122]
[244.13999939]
[240.08000183]
[238.83000183]
[235.58000183]
[238.72000122]
[239.36999512]
[242.63999939]
[243.83999634]
[239.74000549]
[237.00999451]
[239.28999329]
[251.05000305]
[253.5]
[252.08000183]
[257.22000122]
[247.13999939]
[254.5]
[252.53999329]
[256.60998535]
[261.44000244]
[253.17999268]
[248.47999573]
