[126.09658813]
[127.6556015]
[123.35853577]
[127.56789398]
[128.66902161]
[125.67757416]
[125.50221252]
[127.53869629]
[125.60941315]
[123.88469696]
[124.55703735]
[128.6494751]
[133.36555481]
[135.50926208]
[139.26069641]
[139.49455261]
[138.42269897]
[133.57992554]
[128.58125305]
[130.70547485]
[131.53369141]
[130.51057434]
[133.87223816]
[133.45751953]
[133.60391235]
[132.72563171]
[132.12060547]
[131.86688232]
[132.10107422]
[129.97375488]
[127.68048096]
[126.57777405]
[126.73389435]
[122.95735168]
[122.82072449]
[122.32305908]
[118.06832886]
[118.33181]
[124.70413971]
[122.09859467]
[119.11248016]
[117.22911072]
[118.48796082]
[113.55014038]
[118.16590881]
[117.08273315]
[119.01489258]
[118.1073761]
[120.99590302]
[122.53772736]
[121.74730682]
[117.61943817]
[117.09248352]
[120.41039276]
[119.58090973]
[117.19007874]
[117.67799377]
[118.28305054]
[118.45867157]
[117.00465393]
[119.20033264]
[120.02980804]
[122.85975647]
[123.16228485]
[124.81147766]
[127.21205902]
[129.78833008]
[128.07080078]
[131.18379211]
[128.84172058]
[131.25212097]
[130.9203186]
[131.58387756]
[129.89567566]
[130.27624512]
[128.75390625]
[131.07649231]
[131.46679688]
[131.14476013]
[130.35430908]
[130.25668335]
[128.2855072]
[129.33944702]
[124.76269531]
[125.00665283]
[126.60704041]
[127.28153229]
[123.99708557]
[123.07823944]
[120.00885773]
[122.15936279]
[124.58359528]
[123.43013763]
[122.04206085]
[121.88567352]
[124.44675446]
[122.60901642]
[124.24146271]
[124.04597473]
[123.99708557]
[122.46240234]
[121.8074646]
[121.4848938]
[122.2473526]
[120.76152039]
[123.05867767]
[123.0684433]
[123.88956451]
[124.2707901]
[123.27373505]
[124.48583984]
[127.54542542]
[126.72434998]
[127.22284698]
[128.82597351]
[127.52591705]
[129.32453918]
[130.96673584]
[130.6930542]
[130.4095459]
[130.11630249]
[131.74874878]
[133.2638855]
[133.87969971]
[134.18276978]
[136.8122406]
[138.82591248]
[141.31855774]
[140.01846313]
[141.84640503]
[141.25010681]
[142.36450195]
[145.79553223]
[145.14060974]
[143.09762573]
[139.24623108]
[142.86303711]
[142.12986755]
[143.49839783]
[145.21881104]
[145.63912964]
[143.46908569]
[141.71932983]
[142.36450195]
[142.57955933]
[142.24719238]
[144.04580688]
[143.64500427]
[143.75257874]
[143.06726074]
[143.01835632]
[142.53865051]
[142.79316711]
[145.75942993]
[145.96505737]
[147.94256592]
[147.03211975]
[143.28266907]
[143.61552429]
[145.07420349]
[146.56225586]
[146.47412109]
[145.24060059]
[144.43782043]
[145.47557068]
[149.90054321]
[148.63764954]
[149.30332947]
[150.41937256]
[151.05575562]
[153.39546204]
[151.84866333]
[150.83056641]
[145.83778381]
[146.40559387]
[145.00563049]
[145.89651489]
[145.6615448]
[142.9889679]
[139.93458557]
[140.41424561]
[142.78341675]
[143.74278259]
[143.83087158]
[142.3134613]
[138.92623901]
[139.8269043]
[138.52487183]
[139.65061951]
[136.21443176]
[138.14302063]
[139.014328]
[140.27720642]
[139.89543152]
[139.80731201]
[138.53462219]
[137.94723511]
[140.73731995]
[141.79463196]
[143.46865845]
[145.63218689]
[146.12168884]
[146.33702087]
[145.56364441]
[145.51472473]
[146.1804657]
[145.7203064]
[149.36209106]
[146.65031433]
[145.82795715]
[146.8657074]
[148.30479431]
[147.78596497]
[148.31536865]
[147.49183655]
[147.85455322]
[145.02122498]
[144.97216797]
[147.05062866]
[147.06045532]
[148.04084778]
[150.48204041]
[154.7762146]
[157.40368652]
[157.86447144]
[158.24681091]
[158.76643372]
[153.73699951]
[157.09977722]
[162.06059265]
[161.54098511]
[160.55078125]
[158.66841125]
[162.08023071]
[167.82536316]
[171.64891052]
[171.13912964]
[175.93328857]
[172.29600525]
[170.91363525]
[175.78622437]
[168.88420105]
[167.78613281]
[166.4234314]
[169.59991455]
[172.19795227]
[172.82543945]
[176.79606628]
[175.77642822]
[175.8646698]
[174.70780945]
[174.09013367]
[178.44309998]
[176.17837524]
[171.49205017]
[168.62931824]
[168.79597473]
[168.81556702]
[171.64891052]
[172.09011841]
[168.81556702]
[169.67832947]
[166.47239685]
[162.97236633]
[161.28605652]
[159.22723389]
[158.45269775]
[156.64878845]
[156.56054688]
[156.09977722]
[166.99201965]
[171.35481262]
[171.18815613]
[172.39405823]
[169.51167297]
[169.22698975]
[168.51040649]
[171.62223816]
[173.04560852]
[168.96195984]
[165.54577637]
[165.78141785]
[169.61967468]
[169.3840332]
[165.78141785]
[164.23039246]
[161.30506897]
[157.13304138]
[159.75404358]
[161.82530212]
[162.09034729]
[160.20558167]
[163.50395203]
[163.18000793]
[160.17617798]
[156.37716675]
[154.55128479]
[159.9601593]
[155.61149597]
[151.89103699]
[147.85639954]
[152.24436951]
[156.66181946]
[157.67294312]
[160.97128296]
[162.34562683]
[165.72250366]
[167.08699036]
[170.87617493]
[171.51425171]
[172.37808228]
[175.67643738]
[174.50830078]
[171.40628052]
[171.11172485]
[175.16598511]
[171.8480072]
[168.67726135]
[168.98155212]
[166.96920776]
[162.70883179]
[164.58375549]
[167.27349854]
[162.25726318]
[162.04133606]
[164.32852173]
[164.16166687]
[163.36650085]
[158.82144165]
[159.89147949]
[153.92304993]
[153.69725037]
[160.63752747]
[154.75743103]
[155.06178284]
[156.55384827]
[162.97384644]
[153.89358521]
[154.62109375]
[149.48931885]
[151.89788818]
[144.02333069]
[140.14993286]
[144.6230011]
[143.07955933]
[146.71702576]
[138.43934631]
[135.02796936]
[135.26394653]
[140.69062805]
[137.98712158]
[138.14440918]
[141.34927368]
[147.11026001]
[146.32374573]
[146.19598389]
[148.65368652]
[142.92227173]
[143.66940308]
[146.19598389]
[145.45864868]
[140.22857666]
[134.81173706]
[129.6505127]
[130.51559448]
[133.14044189]
[127.8612442]
[129.33592224]
[133.57302856]
[133.06181335]
[135.9324646]
[139.26513672]
[139.26513672]
[135.11650085]
[136.87620544]
[134.40867615]
[136.58128357]
[139.16682434]
[140.50386047]
[143.87583923]
[144.5541687]
[142.42085266]
[143.39413452]
[143.03038025]
[145.96000671]
[147.63127136]
[144.58372498]
[148.44725037]
[150.45272827]
[152.72369385]
[151.48501587]
[150.36427307]
[149.03709412]
[154.13935852]
[154.68991089]
[159.76269531]
[158.77958679]
[157.30490112]
[163.32145691]
[163.00686646]
[162.78044128]
[162.30789185]
[162.3571167]
[166.61000061]
[165.87167358]
[169.42555237]
[170.49859619]
[170.34107971]
[171.83746338]
[171.44369507]
[168.85456848]
[164.96594238]
[164.63122559]
[164.92657471]
[167.38772583]
[161.07733154]
[158.87213135]
[156.44050598]
[154.77680969]
[155.50527954]
[153.38868713]
[152.12858582]
[153.53640747]
[152.05966187]
[154.92443848]
[160.89025879]
[151.44932556]
[152.89642334]
[150.00212097]
[148.35810852]
[152.07936096]
[154.46174622]
[151.33120728]
[150.36642456]
[148.09228516]
[148.42703247]
[149.40161133]
[147.51148987]
[140.26582336]
[136.05236816]
[140.23628235]
[143.82958984]
[144.12492371]
[143.17001343]
[137.91294861]
[138.23786926]
[136.82020569]
[136.19017029]
[140.76794434]
[136.22956848]
[140.19692993]
[141.51611328]
[141.62440491]
[141.16169739]
[144.98139954]
[147.12753296]
[149.97264099]
[147.02908325]
[142.54980469]
[153.31977844]
[150.95706177]
[148.30885315]
[142.77622986]
[136.7217865]
[136.45553589]
[136.98803711]
[137.55996704]
[132.99435425]
[144.82746887]
[147.61811829]
[146.21786499]
[147.95335388]
[146.72076416]
[148.62391663]
[149.18598938]
[145.95159912]
[148.09144592]
[148.96902466]
[146.05024719]
[142.21435547]
[139.20675659]
[145.97135925]
[146.24745178]
[145.75439453]
[144.59080505]
[140.92254639]
[138.97993469]
[140.66615295]
[140.1829834]
[142.48059082]
[143.44694519]
[141.21836853]
[134.60168457]
[132.63937378]
[130.52909851]
[130.46011353]
[133.56626892]
[130.39108276]
[130.0262146]
[128.22166443]
[124.28716278]
[127.80751801]
[128.12304688]
[123.3306427]
[124.60269928]
[123.28133392]
[127.81736755]
[128.34002686]
[128.91192627]
[131.63356018]
[131.55467224]
[132.88589478]
[134.04949951]
[133.32962036]
[133.38879395]
[135.95263672]
[139.14756775]
[140.54785156]
[139.88711548]
[141.95794678]
[143.90055847]
[141.0112915]
[142.28334045]
[143.40751648]
[148.72251892]
[152.35134888]
[149.61988831]
[152.49926758]
[149.80728149]
[148.77185059]
[149.13723755]
[151.94204712]
[151.3000946]
[153.40368652]
[151.80377197]
[150.65817261]
[146.6386261]
[147.06329346]
[147.54721069]
[144.89060974]
[146.08557129]
[145.58189392]
[143.50796509]
[144.10049438]
[149.1570282]
[151.92227173]
[149.71995544]
[150.97419739]
[148.72245789]
[146.65840149]
[148.60397339]
[150.69764709]
[151.09269714]
[153.91723633]
[153.07774353]
[155.44801331]
[157.30470276]
[155.87266541]
[156.95901489]
[158.26268005]
[156.31710815]
[155.69490051]
[158.7762146]
[160.34651184]
[162.85502625]
[164.10925293]
[163.57595825]
[161.72912598]
[162.61798096]
[160.02058411]
[158.80586243]
[158.11453247]
[163.5068512]
[163.16116333]
[163.18092346]
[164.4055481]
[165.55116272]
[164.58329773]
[162.973526]
[163.27966309]
[161.73901367]
[161.72912598]
[166.32148743]
[167.57569885]
[167.48683167]
[166.44987488]
[165.37335205]
[163.73396301]
[171.41749573]
[171.34835815]
[169.63980103]
[171.40760803]
[171.59524536]
[170.66563416]
[170.17114258]
[170.17114258]
[170.78430176]
[173.11827087]
[173.22703552]
[172.27761841]
[169.66674805]
[169.94366455]
[171.08100891]
[173.49406433]
[175.34342957]
[175.29397583]
[178.10264587]
[178.95315552]
[177.5982666]
[177.23234558]
[175.85769653]
[178.57731628]
[178.96304321]
[181.76176453]
[181.28707886]
[181.92004395]
[183.95729065]
[182.8793335]
[182.96832275]
[181.92991638]
[184.93640137]
[184.61988831]
[183.22546387]
[185.98469543]
[187.16156006]
[187.49781799]
[191.82946777]
[190.33612061]
[189.21861267]
[189.69329834]
[188.57577515]
[186.52859497]
[186.00444031]
[187.67581177]
[188.43730164]
[188.58569336]
[191.84922791]
[191.59208679]
[192.94700623]
[190.99874878]
[189.8218689]
[190.6229248]
[191.4833374]
[192.35362244]
[191.08772278]
[193.66893005]
[194.28208923]
[193.45135498]
[190.45478821]
[189.06034851]
[179.98164368]
[176.87632751]
[177.81584167]
[176.22360229]
[176.00602722]
[176.06542969]
[177.71923828]
[175.72875977]
[174.8572998]
[172.31221008]
[172.79745483]
[174.1343689]
[175.51086426]
[179.36312866]
[174.66911316]
[176.87747192]
[178.44216919]
[182.33403015]
[185.82980347]
[186.0476532]
[187.62226868]
[187.85990906]
[181.13580322]
[175.837677]
[176.4516449]
[177.620224]
[174.58990479]
[172.52017212]
[174.03530884]
[173.31242371]
[176.24369812]
[177.33303833]
[173.78775024]
[172.24285889]
[173.09455872]
[174.37203979]
[170.29200745]
[168.77684021]
[169.03434753]
[169.54928589]
[172.06463623]
[170.72773743]
[171.97550964]
[173.21337891]
[175.76837158]
[177.2538147]
[176.65963745]
[178.05596924]
[178.95713806]
[177.11517334]
[176.98643494]
[175.43164062]
[174.1343689]
[173.7580719]
[171.20307922]
[171.32189941]
[171.75765991]
[169.44033813]
[165.2711792]
[166.58828735]
[168.63818359]
[169.11357117]
[172.28248596]
[175.84761047]
[174.93649292]
[177.4914856]
[180.05636597]
[181.1159668]
[180.64064026]
[184.83511353]
[183.24856567]
[185.86639404]
[186.43161011]
[188.11734009]
[188.09750366]
[189.84274292]
[189.03952026]
[189.7039032]
[188.37513733]
[188.19665527]
[188.80152893]
[187.78019714]
[188.35531616]
[189.63449097]
[187.83966064]
[191.7961731]
[190.70539856]
[192.63903809]
[194.06697083]
[191.55819702]
[193.07537842]
[196.29808044]
[196.44682312]
[195.91133118]
[194.24546814]
[195.28665161]
[193.1943512]
[193.04559326]
[191.97465515]
[191.42930603]
[191.52845764]
[191.9548645]
[190.91366577]
